177
7656 184
3949 570
430 64
531 273
9154 415
6338 377
800 150
1748 473
2596 526
7244 399
8118 538
7630 880
3249 773
1161 370
7987 37
4267 833
600 380
5324 903
7996 13
7117 9
7084 635
9523 93
623 752
2448 387
2470 475
4676 920
2994 82
4656 141
8046 566
9208 213
6171 598
7302 21
2571 338
2412 18
6995 230
3772 547
6700 980
9988 85
558 751
4884 581
3325 433
5940 613
9797 365
2486 122
7155 170
2248 426
9535 756
1331 662
7253 96
1922 700
10 343
1052 562
2294 977
7764 245
2608 180
7114 700
2941 154
6843 828
4119 644
8461 174
1665 575
1796 810
6103 334
3704 5
9255 780
1813 883
5834 200
6287 703
7710 396
4693 414
622 283
8941 880
2823 867
5641 154
550 792
5695 315
94 92
8442 560
3340 342
3820 681
2858 53
4949 63
3077 60
3364 669
8686 335
3236 190
1820 639
3870 718
9408 224
1707 808
5095 211
7712 29
4911 702
6068 649
8421 859
3717 695
1062 699
9256 25
1072 375
3336 557
5774 281
8030 677
6315 474
3322 864
1537 242
4503 166
3211 881
4017 768
6956 713
44 247
5024 342
1191 457
4424 956
2265 721
1905 943
900 549
6012 283
461 985
5752 346
1599 745
1117 718
2177 321
6624 49
7571 42
5003 996
6056 807
2008 374
6022 353
9631 478
6941 754
1005 319
3516 722
4960 276
9080 426
1916 806
6336 207
3931 970
4367 90
9096 903
6544 367
2977 287
2715 918
1437 95
2289 196
7224 466
3696 720
4264 393
271 951
5330 187
3775 797
9111 968
2363 494
1238 796
7057 569
920 428
2239 240
6855 251
1641 418
2096 651
7847 422
6533 76
6007 4
6146 958
4580 493
9284 456
2113 47
1148 865
9075 652
7901 83
5718 363
2273 555
2167 409
5570 426
386 736
4416 914
7272 447
5805 354
696
6343 966
6114 458
9252 627
1303 412
2286 140
3068 648
1108 351
1804 246
2629 775
9804 648
5827 994
2381 736
8722 472
5408 125
8753 809
260 198
637 823
8422 948
7893 502
6527 921
6952 154
7608 325
9093 495
2981 280
8654 694
5436 477
2238 102
937 141
3110 120
7780 874
269 978
3700 348
2850 407
7279 430
7654 191
4231 784
3399 417
364 213
813 291
9084 908
1000 716
9853 315
7638 652
65 375
1746 142
9977 795
9929 196
3480 114
7202 427
9667 846
9989 525
5982 363
9043 959
7873 315
1830 858
3719 383
9485 265
6378 774
5521 932
4716 338
2642 649
7762 432
144 242
1174 852
7054 515
351 6
9979 946
54 372
9351 568
7615 920
240 74
5884 333
6441 260
8986 719
2665 132
7978 787
7533 440
103 650
7409 562
2542 784
6835 569
3695 39
5989 931
7908 187
8701 65
6907 649
9214 726
8455 820
6712 651
1203 681
4999 158
8575 113
9986 434
844 164
4440 674
8824 901
7252 584
4563 983
7984 461
7313 679
3654 447
7072 874
499 666
8754 716
3460 619
7252 840
8604 980
9174 221
6275 504
5579 551
4027 601
8373 735
4417 601
3403 978
3262 975
3045 37
8595 462
534 859
588 997
3117 907
8305 421
2207 917
6798 774
9713 669
3141 694
1391 17
54 120
527 745
2058 950
2882 434
91 497
1837 113
7789 506
4938 629
8809 406
980 590
5097 243
996 662
3557 478
322 386
2943 951
975 864
8609 396
654 652
3725 241
8256 424
2037 909
1950 247
4308 538
9391 248
4794 196
6213 508
7178 928
8801 406
2070 683
8856 303
455 632
7933 154
9963 895
7527 115
4295 242
953 30
8338 423
5294 21
4194 674
9267 833
8140 248
8691 136
961 813
7683 49
5164 41
6217 467
167 182
5969 624
2137 900
2426 382
6736 109
9823 486
2697 33
3249 864
7884 165
7121 927
5337 858
5903 914
3828 42
3501 248
2519 384
2419 575
2531 855
4790 604
996 915
8440 17
5705 148
6076 97
9405 307
6493 116
2554 628
4910 821
3120 953
4802 108
760 661
6435 842
5345 934
4917 118
7423 936
8410 654
163 682
4787 148
3867 934
1594 44
8726 773
5360 793
5102 900
7454 313
6314 325
8555 379
39 507
9071 697
5456 138
1823 310
8373 978
3896 356
6192 985
8708 94
9984 402
772 299
346 131
9856 371
5112 797
5683 650
879 661
8819 692
6123 991
2237 758
3916 325
1208 746
3805 403
7088 826
7414 307
7803 640
4996 841
9954 786
6141 416
358 685
8058 651
6456 167
7728 922
7984 695
5813 724
2249 440
7173 745
4231 69
5976 96
9205 263
1267 198
4001 518
7428 820
2936 6
5625 963
1562 530
1217 37
3190 55
5834 572
8495 129
6807 194
5106 867
5289 791
4763 763
3652 141
5353 831
6828 682
9423 660
9047 141
328 425
6301 719
3508 295
1959 756
8765 715
887 546
4171 908
5434 311
7368 346
2371 76
3352 667
1854 420
1523 833
1526 129
1844 35
2582 737
3983 247
1741 248
3982 648
1210 82
8213 709
6784 447
3697 619
7693 464
8347 488
5597 54
5831 868
1140 447
4812 940
8359 770
1878 675
9230 356
42 496
2800 628
6411 897
6204 462
5558 769
6817 129
7946 497
8627 850
876 387
3546 435
6500 873
8546 565
3947 970
4256 77
8901 422
2262 218
237 184
9978 916
759 710
8765 170
2578 267
627 333
4393 793
6292 95
5783 700
9968 304
7310 519
4190 830
8284 529
328 430
5247 505
5985 400
187 180
7991 10
4193 244
9120 915
8460 763
9308 610
1616 290
4733 476
4455 536
6836 689
5588 397
2849 13
4910 786
7111 683
8179 128
9783 807
6821 279
1806 637
3307 920
3103 777
724 140
2537 207
7758 941
8432 863
7036 197
8527 525
4317 822
2032 226
4238 359
232 613
7299 524
4941 611
4135 374
7150 217
6946 963
6779 354
5386 505
9133 95
5834 596
112 760
9602 840
3420 435
6474 967
8909 438
2025 796
4776 525
4229 522
2305 302
4286 687
8748 515
4830 804
2832 426
1433 338
6472 191
1051 942
7818 176
6104 478
3554 614
2847 158
824 453
6573 844
5465 588
4768 825
5991 590
5762 388
4310 56
8887 568
9713 455
6187 143
1787 42
7139 856
7919 141
6640 902
5319 425
5142 977
9455 831
5190 331
5305 78
827 436
2446 898
3740 597
3545 359
9917 469
6286 496
7218 638
8671 517
9952 286
1002 313
2706 392
1766 36
885 114
2719 927
7438 37
6953 181
670 713
7516 301
8444 345
8701 537
4035 45
6667 551
9410 252
2755 506
4904 205
7204 759
1332 101
7621 203
6278 627
7253 125
5544 355
3091 290
9552 904
3425 982
2979 114
1674 827
6554 632
6320 776
4803 919
5176 261
9641 396
5049 992
8744 157
9834 614
8379 713
2551 62
6800 792
1920 511
2347 901
3499 178
2096 130
3872 262
8610 113
4029 579
5730 563
8993 759
3869 398
3779 286
1694 443
8576 7
2209 385
1502 75
7415 644
8391 749
5831 682
2574 572
1523 69
354 861
4425 830
1542 888
2241 494
8767 623
1059 199
7072 207
1893 476
8032 26
5122 175
6346 18
3186 79
3841 184
2148 738
6382 301
1169 72
5174 604
5301 809
7670 465
9567 857
7552 195
7918 271
9609 337
9141 590
2718 671
4866 649
477 852
3038 727
8308 292
4093 276
8781 490
6652 559
6104 117
4464 710
6743 761
2242 262
6739 940
1229 215
5219 975
2181 1
4315 536
2156 203
1875 357
62 705
9841 503
7845 959
803 620
9158 601
666 985
2970 201
8351 124
8837 157
75 791
627 478
1404 863
4018 269
167 379
7600 377
2643 515
1394 500
5141 588
768 294
1785 180
2819 154
8587 870
1390 492
8893 572
2995 327
5902 448
8676 754
6482 681
4028 63
6964 939
1992 561
7136 347
9769 301
9649 717
5054 610
4198 262
6095 171
7873 197
1934 190
2184 702
5782 708
7327 892
3528 950
1477 468
7433 335
1114 590
2436 375
2616 927
5447 832
6639 871
1818 118
720 851
3988 377
5201 936
1860 846
1936 800
1782 809
6341 937
8023 423
6133 29
2727 993
905 743
4559 251
2989 633
2926 234
5637 470
9431 628
2127 967
7511 252
2170 196
718 78
5677 913
5275 694
7690 535
691 103
1540 760
7659 365
6657 87
6000 114
5271 533
9729 461
1579 414
8995 16
1941 703
4796 928
4702 344
7546 916
430 555
4490 704
3782 163
2248 802
980 567
9371 948
4475 373
1351 456
5778 259
5807 470
7586 613
3434 692
5068 349
9465 304
684 597
6473 645
3799 574
109 154
1774 661
2672 533
2261 602
4906 615
2805 88
2627 441
775 755
6165 429
457 956
8349 785
5944 963
732 152
6804 208
636 761
5662 970
9107 933
8835 897
9670 367
5555 973
6290 49
2607 185
8651 165
2805 312
946 618
326 641
544 62
1929 716
4279 541
8996 686
8791 447
4699 604
7292 43
3055 567
9303 808
8628 461
9796 37
5343 839
2784 611
7005 872
1787 248
4719 265
2170 530
6903 602
2239 964
1361 449
8033 235
1769 735
3419 461
7617 528
5558 732
5669 52
4241 271
2843 412
7979 451
7254 135
3219 233
4137 22
6812 255
7751 965
3398 50
3993 647
2905 667
3933 2
3291 500
8790 954
9635 653
768
6424 139
6333 662
2292 10
2638 758
3643 778
9011 807
879 608
71 869
3710 848
9252 360
6122 978
8706 167
3623 224
9337 573
320 495
4594 75
8284 244
9122 896
8209 659
9698 315
6772 409
938 816
7120 880
8074 537
2829 891
5203 188
2138 995
2434 403
7274 296
920 187
4088 789
4768 274
3092 370
9576 113
70 562
1633 945
8765 600
779 547
5387 28
7023 77
5488 705
3763 770
961 554
6221 986
6760 64
7580 733
8860 606
2419 902
8462 647
5444 231
5550 487
5130 740
9601 539
6153 364
5980 329
673 737
4373 861
5756 271
473 350
7185 930
3415 622
9879 280
2073 864
6800 887
5522 510
1894 307
3436 533
11 914
8741 635
4538 842
8748 173
9208 88
6450 148
4888 185
9284 195
7290 644
3149 577
8047 954
5284 128
4478 756
9301 799
3817 860
7921 912
80 143
8868 954
1251 856
6469 887
5855 176
220 725
5184 384
91 461
8863 419
7155 615
1741 653
4926 548
3052 824
901 137
8880 776
377 296
306 668
1050 685
8146 349
9485 498
4045 669
6938 553
4335 75
8764 620
5399 174
2245 71
3459 917
5420 885
4262 913
187 958
2337 596
8912 815
3273 687
116 95
3339 888
7446 718
2575 85
94 800
517 584
7754 889
97 665
4166 329
9863 246
4525 231
5345 690
6883 722
9550 331
3835 488
4351 842
3105 117
1870 66
5777 2
9491 835
5596 444
778 764
4084 845
9933 704
9036 502
1964 656
2234 7
7935 376
9944 727
8923 446
6434 639
5461 731
9438 377
6266 648
7493 674
7514 18
1779 703
4761 11
4372 397
760 363
9642 80
5548 788
4051 661
5702 660
7722 374
2410 21
9927 432
3236 787
2693 881
2557 695
2887 503
5677 406
821 988
9133 954
3238 882
6695 205
9127 148
280 466
8708 628
3739 351
998 499
3529 979
7419 486
149 415
7277 435
8121 720
4025 607
1962 548
288 759
5837 245
720 192
7514 970
3586 197
3362 358
1480 114
2531 935
6697 884
7043 190
1443 403
6186 569
3790 186
5260 493
8268 865
4053 594
3287 726
6473 12
965 765
4153 292
7253 495
2397 358
7154 303
8474 461
8324 738
6864 251
5705 159
1872 10
6233 624
2769 359
3009 817
6938 515
5623 403
5004 105
1588 993
3860 829
6427 856
6424 170
3171 402
4923 120
9196 872
5576 994
5972 527
6505 77
4906 576
9529 93
3493 943
4728 114
2632 329
8410 509
7984 338
403 728
5786 240
7003 738
239 586
4664 666
5488 824
8806 629
4237 522
3645 392
6605 950
8571 796
1040 743
8238 612
4492 984
1608 373
621 817
283 760
4959 68
2927 344
9045 845
6257 657
5535 953
7245 80
2533 846
1230 214
744 320
4554 734
9689 620
5536 59
6171 652
2969 855
8100 95
9885 914
2452 65
6039 438
7511 211
9370 465
1173 144
641 419
873 791
5170 239
8656 710
8266 317
1896 615
8153 97
6171 43
6223 504
3384 321
2790 828
1128 939
8665 179
306 334
1437 366
5845 785
8776 876
5897 595
1088 860
7151 585
6776 764
5732 92
8943 65
9942 483
309 190
5797 941
1325 517
1138 105
8305 961
2554 87
534 920
5586 965
9404 705
3083 532
3228 31
6603 608
4117 526
7104 894
7139 659
1855 731
8155 622
3842 563
3016 803
4944 668
2523 232
4753 891
3768 692
2381 38
8609 555
9377 66
285 374
2401 891
3056 986
8050 461
2885 355
9899 240
3610 619
262 614
4593 731
9783 252
9683 817
1965 579
1061 446
8481 514
9307 988
1699 685
3189 235
1477 341
1363 986
2976 312
4635 372
6853 92
9382 341
1183 291
8674 511
2748 186
8534 949
5105 987
1154 587
2324 901
9132 967
5341 543
2634 2
8913 817
1484 654
9801 808
1507 790
4022 725
9329 614
6689 684
6512 127
3117 675
9191 906
7202 134
6026 666
2363 239
7780 8
2649 219
9939 361
2411 508
7561 771
2121 243
388 683
5061 586
3439 985
8645 422
4555 6
451 892
4976 882
3008 605
2755 10
8086 644
9196 487
3260 210
2831 770
2875 658
10000 160
5720 8
3177 683
8675 181
709 838
5 204
6253 888
6468 892
3925 548
2191 653
408 535
5756 879
1225 255
5931 533
3033 683
4700 827
1312 137
2023 220
2050 223
1982 796
7308 453
2118 206
1377 956
2506 513
2559 481
960 774
3995 622
5081 901
4670 342
2175 162
3373 838
3089 182
2675 365
8922 136
8107 702
2511 982
8005 621
5286 488
766 326
566 400
1617 260
7253 774
6710 927
250 673
3539 971
2520 968
6349 392
7765 15
7346 834
9084 705
9925 307
5098 373
509 235
5908 23
369 105
8597 592
7735 1000
6941 387
7901 405
5925 527
5488 53
1991 9
5039 746
283 231
1378 10
2624 64
8110 547
4977 344
6526 351
2081 9
7426 47
1019 804
2703 105
1423 746
9947 193
2216 774
9241 272
7535 457
1245 171
3632 128
9927 6
2076 280
9129 813
332 797
2289 162
2563 840
7418 93
3429 217
6883 992
9497 648
4183 205
1160 620
798 461
6135 420
3923 431
7948 387
8453 606
5832 721
2515 56
122 393
8750 767
4435 940
7587 659
9445 205
4303 973
1502 612
4192 634
6376 668
6404 242
9035 730
1021 532
3826 942
7149 395
1410 47
8731 300
9889 267
5880 741
7819 633
1729 346
7156 802
2689 395
2558 822
6370 985
3750 716
4889 36
9494 118
7521 594
4364 65
4484 984
5019 617
2324 210
1328 673
7005 403
7466 97
691 385
3981 99
1902 563
9456 892
621 434
5589 108
1536 612
835 146
6829 215
698 626
6019 755
426 419
1735 641
9246 396
164 8
8980 153
2437 548
4185 699
9118 829
6598 107
3155 263
931 407
8688 274
4516 916
5897 453
6166 597
5133 96
3394 325
105 678
232 536
2555 71
5664 234
1382 92
88 217
5191 205
135 955
7927 634
3970 990
7096 439
6013 109
5874 432
3552 942
9269 625
2643 974
5430 585
8949 935
6070 83
6100 707
9034 792
3476 11
7190 164
6035 825
6865 523
1584 776
5208 361
7196 231
7579 290
4988 997
1461 580
7960 233
9349 165
5783 792
6815 812
2985 740
6075 579
6951 631
5501 191
7055 654
2922 924
1371 970
8819 396
3489 226
7575 575
444 917
6976 124
6729 820
5696 174
9174 930
4881 356
3541 132
8079 374
9309 458
1758 424
8502 22
843 583
2714 129
5302 857
6648 813
4950 5
9807 598
3828 373
3079 670
7856 535
6212 721
1275 301
2283 164
6798 519
7441 863
1317 234
3322 859
7322 657
1138 817
5405 16
6352 401
7119 399
5557 532
1511 453
2819 448
4251 123
1928 499
5289 380
6586 214
6032 496
4950 638
5956 784
9116 631
4857 361
6904 578
1238 266
4951 186
6669 255
1468 475
7631 410
631 346
8986 41
8490 820
6877 668
64 95
121 564
9312 242
9892 62
2594 193
1719 535
6044 367
3088 782
4147 614
9381 730
130 467
3903 140
6246 821
2506 79
6929 29
138 298
6677 442
774 130
9389 332
2515 594
7713 549
566 842
2307 49
3581 209
1397 781
9952 469
9052 339
2792 907
9842 175
5718 827
3209 794
8456 533
6390 698
7626 325
7357 47
8345 628
8986 914
6815 744
3516 574
4737 35
2235 493
1708 651
2730 352
1531 866
2756 292
7580 609
6086 416
9324 800
1332 703
2608 298
4627 889
6629 42
2017 566
4295 834
7974 606
4 373
8088 652
3093 767
6522 822
4555 571
5490 416
1727 336
3567 651
5021 380
4461 350
6901 592
6157 488
9897 502
1194 627
9934 49
581 470
9764 603
9193 133
5625 632
4919 654
9347 620
2513 335
2575 662
3081 957
1119 300
387 536
9928 880
455 632
3243 970
399 261
7106 895
3521 673
7280 967
4620 976
9894 500
6245 682
1139 847
7436 979
8224 460
1408 704
7601 108
5263 457
6987 340
2379 573
1037 662
3392 999
9985 426
7318 501
7022 163
9817 240
6913 60
9308 126
2593 199
4032 70
4918 347
4850 836
9027 582
9562 664
4105 57
5616 541
1400 650
5947 120
3859 781
825
8663 931
2690 962
9121 765
4525 889
9888 347
2373 479
7296 495
9810 859
4613 624
5242 553
666 135
3916 199
2523 912
6669 818
3597 61
8808 173
5237 658
3242 285
9377 334
5867 422
7499 948
5711 379
9994 250
3977 942
329 868
2703 979
4619 8
1602 662
3300 738
3638 486
6435 908
2585 217
5036 985
3830 440
223 542
7631 87
9283 33
2861 217
4714 620
6971 684
8378 916
8323 55
6746 152
512 805
9689 15
5439 183
2865 430
6272 827
4228 650
5128 366
4405 485
2047 275
3422 388
9230 289
3587 76
8822 412
7811 587
4786 296
580 255
347 936
9633 313
6501 927
4118 853
1644 510
5952 653
835 181
2447 47
6101 684
494 745
2073 523
6634 994
2999 542
9319 20
7565 416
6069 373
4889 598
5181 272
8417 912
8974 6
9845 782
8415 796
577 129
4442 811
8504 398
498 718
2893 967
7887 733
9995 840
8524 519
2797 720
1568 493
3713 670
1125 534
7263 227
5293 872
3464 74
5222 27
5710 734
8936 970
5096 72
8378 719
7728 639
6031 947
8430 902
8549 554
6593 715
174 391
7566 391
9080 587
5713 762
4693 998
9138 637
6854 430
8618 952
7896 432
1409 130
6059 751
5189 841
4155 272
2783 306
1141 666
293 933
1954 466
1099 357
8494 667
1241 637
5491 589
3106 538
8780 807
3560 716
7990 509
5077 573
2184 72
688 648
5493 476
4227 157
6738 770
2724 551
9232 172
6158 19
9290 903
2157 296
1408 271
7824 902
6044 781
1906 344
4794 482
3210 937
9815 288
6385 691
825 199
2277 442
4295 212
2978 317
6241 38
7524 218
1193 149
1392 258
8971 543
8233 791
4189 269
5780 483
3699 853
6657 700
589 199
6700 975
6156 985
92 900
1330 895
412 426
3938 638
7747 166
7990 379
1992 709
3476 31
2482 179
6910 170
141 152
3789 177
6296 379
194 100
6293 323
9160 987
7752 405
2460 411
8620 262
3838 557
882 950
9079 436
1604 145
7579 388
8181 325
6173 517
2150 718
3377 910
8232 181
433 996
2144 762
2059 543
9045 695
1356 942
9215 280
5201 492
4129 754
6028 2
9672 452
8608 980
839 997
2988 959
2097 933
5994 521
6195 8
7762 930
9233 964
4540 90
3710 258
1710 902
5319 849
8594 92
892 594
9625 724
8137 686
1280 858
1672 225
8025 941
3210 883
6435 9
4997 406
6938 725
2075 386
4589 160
7789 77
363 721
4803 769
3652 697
6816 102
2033 219
9080 673
9644 410
2127 846
7993 179
9763 979
224 350
9348 971
6369 674
6616 89
2640 946
8148 988
6293 712
6356 593
640 374
9405 361
82 302
9387 834
5567 943
8482 382
5809 293
1022 240
6793 312
9172 64
6711 642
8560 330
3871 485
1303 158
6843 356
672 368
903 812
9431 997
2306 748
2873 275
6006 535
8190 609
7101 403
126 386
3159 682
3319 806
1383 133
2938 267
9126 264
8315 476
3526 635
5519 606
7043 643
4513 532
5719 905
3221 652
304 452
923 673
7343 540
7279 975
3484 416
9993 862
3623 784
5840 806
7644 520
7984 142
4018 532
8938 937
7774 506
1565 251
3529 692
5767 404
584 827
4774 438
6911 992
3762 593
7002 557
443 442
5136 345
715 791
5409 526
6303 962
2087 121
6075 27
3012 169
4288 640
9119 54
3827 153
9535 325
2950 140
5568 800
9934 815
2500 867
8401 536
6816 802
3857 453
4614 198
6820 599
7402 956
9599 800
5329 80
7223 490
3276 633
8199 870
671 950
2009 9
9603 471
8435 206
1351 505
9538 445
7878 170
4485 121
8959 402
5100 792
7486 463
5815 593
7650 393
1897 796
3253 134
126 212
7166 146
6459 156
8410 151
8013 746
2448 88
5286 586
1644 480
2695 98
3588 680
56 780
3336 719
4045 564
8321 91
4671 688
7485 253
2532 512
3856 226
1380 483
7586 575
156 41
2317 927
629 311
3730 652
3434 971
5910 474
1926 578
7866 874
6455 862
7090 949
3360 432
2727 896
5935 348
5875 43
8112 824
7372 442
9637 824
26 26
8725 86
7559 41
4710 197
4251 862
5647 873
6791 192
7511 488
5075 825
1531 173
3906 943
7159 35
490 487
4882 464
66 208
5295 170
7637 631
639 813
3764 216
2708 682
7858 638
5842 229
3060 587
6273 194
8244 449
1435 659
4459 175
4085 453
3101 963
3172 339
6013 963
4148 593
3130 57
529 655
3681 56
7653 236
9525 183
9850 583
9101 617
3950 55
6067 170
214 623
5335 774
6319 304
3960 776
516 681
3316 427
1762 565
8389 115
8238 615
1481 564
7467 799
5339 960
8904 59
201 624
487 779
332 917
7230 118
4053 113
2217 700
2449 101
4035 444
4013 470
1728 847
9916 275
8683 425
2506 361
3164 208
9613 243
7498 973
6557 720
7444 10
3337 506
6945 927
6265 227
5507 628
6130 600
1340 82
5563 255
7725 180
9803 884
2236 807
4041 337
1592 38
5427 887
86 192
9201 358
4329 765
5611 797
8059 704
9705 990
3602 959
7032 753
8391 574
4087 675
2540 22
6561 239
8516 749
4155 883
3872 509
5511 763
5612 230
8607 825
1477 566
9374 863
354 485
3144 800
2070 129
3898 326
63 10
5336 703
7108 585
2574 13
184 426
3979 282
8510 521
4072 723
830 263
8866 25
8232 90
6466 624
388 215
9214 706
2546 156
4547 520
38 845
893 605
7521 449
3987 11
8123 236
9071 35
2676 841
9906 251
2986 92
7711 848
302 803
6075 9
1244 651
9388 595
9677 606
3852 977
3736 518
3577 974
8450 944
9560 384
5676 590
6357 14
8358 576
792 246
889 892
6558 11
3519 228
9982 186
4318 306
5286 638
1639 816
1378 716
1487 820
1138 645
7635 359
7899 678
871 172
8559 946
1552 581
9458 465
4750 110
2081 106
2054 521
484 960
6794 807
7353 90
6370 836
4955 977
3264 303
6812 55
8600 316
8424 556
4916 367
503 253
9691 729
7925 242
8116 672
7156 440
6073 384
8373 793
872 926
5911 17
7957 302
4940 270
344 630
1355 448
8277 165
9590 920
6939 804
4677 196
1981 743
7312 899
8316 122
798 810
6272 546
2591 486
8446 534
6820 122
6232 525
4165 63
3270 745
6862 667
5650 386
7093 394
4296 728
4656 47
2340 136
3736 558
335 705
5208 38
6540 206
4668 19
9195 291
5361 25
3644 77
893 23
4401 754
2565 359
6806 132
8881 370
7409 132
879 167
8972 105
3097 301
4371 486
7411 132
6350 25
3592 340
776 970
7141 99
521 713
9555 585
2665 862
4477 182
4931 986
3209 588
3693 429
8674 385
8689 657
6334 637
3151 381
8636 809
475 975
1552 546
6236 842
7519 214
529 478
2931 933
3974 41
8160 87
609 61
1526 49
5994 963
8099 970
8166 708
847 192
8804 700
3491 909
5769 158
9166 322
8268 999
248 495
1844 671
2577 925
2195 973
8430 315
5010 596
7905 504
8321 635
4785 237
5660 936
5744 410
3662 666
3294 255
3146 104
970 149
2365 29
6147 155
660 326
4131 294
6736 29
2819 191
9895 885
3886 928
7623 319
9245 664
9125 925
7626 622
607 241
8916 678
9772 48
1940 590
5006 750
9002 512
3101 112
5009 305
5357 386
6829 267
8540 469
5553 512
881 247
2534 334
1793 890
1348 538
5735 613
2060 918
9732 308
8282 995
2036 588
5340 598
6038 88
7782 3
6699 276
2071 693
3514 697
6310 522
5193 292
7256 946
912 244
6072 310
9417 358
2619 878
5807 3
7254 710
390 475
8080 410
7913 341
5025 699
2256 829
8222 122
4020 352
4889 321
2005 512
2015 955
1299 241
9261 312
6287 6
8136 398
8611 689
6262 593
1386 153
4313 863
873 558
7876 433
375 172
6061 893
5319 710
5967 80
7158 147
2873 958
3582 819
9485 134
2790 866
2111 288
5942 888
6177 712
5530 896
9888 120
4685 599
5779 795
1887 234
7284 619
1825 398
3327 955
4584 576
7362 674
7938 453
1517 262
9493 818
293 847
5568 861
6184 204
8863 587
5234 352
5961 788
4259 677
6250 818
5202 212
4491 92
6116 818
9104 751
7344 697
5348 425
75 373
3782 75
506 168
6590 441
130 175
3040 344
3320 260
963 894
7476 147
3015 299
144 132
8599 34
5137 49
9521 33
5974 971
4416 102
1956 326
1454 303
7633 526
9969 991
5570 257
8835 950
8625 584
1453 764
109 28
6465 44
683 851
8904 848
5645 25
3424 237
5955 117
1412 303
4525 45
5426 631
6059 869
7940 859
9203 696
8818 362
3726 524
3969 692
455 378
7562 510
7960 593
330 930
9175 361
8628 422
2855 949
1954 131
8301 90
9076 830
656 208
685
5411 631
6374 893
3530 723
1684 986
9787 824
7824 369
7107 659
8819 541
864 437
6496 490
7906 413
2537 704
1718 391
3144 93
2776 810
7637 610
2123 659
5684 278
9531 774
5122 782
3079 525
4734 954
3422 427
1728 916
2668 622
5585 738
1167 103
381 101
9212 845
645 892
7225 993
1817 987
4799 361
9125 592
3 652
536 827
5971 840
2190 612
2823 197
3502 534
4697 470
2182 329
6409 208
5685 834
6450 466
6001 221
8654 651
8323 467
8837 397
6781 919
673 865
1121 861
7030 689
1520 762
6611 450
487 421
3074 225
423 348
7292 330
388 729
1393 981
1018 282
7554 236
5353 502
1253 61
9012 192
6054 765
3234 405
5866 114
3948 903
6048 189
328 999
2560 836
1795 122
8897 889
495 565
9755 68
1257 444
4677 922
3043 326
1460 28
1724 509
2995 847
3349 210
9949 497
1248 616
2362 640
3563 423
9557 661
2020 325
9547 301
1906 921
2215 96
9225 341
10 14
4911 873
2778 869
2666 857
556 379
9927 393
3816 904
3548 180
5214 692
5605 648
8799 712
7553 468
5675 853
765 265
1328 537
4154 17
3435 227
6269 762
6902 108
1820 94
7976 592
6896 287
4084 181
4392 841
5607 817
2442 609
8937 425
3422 69
4724 807
7389 795
2243 991
5964 298
432 283
7848 971
3711 554
4494 856
3279 318
1456 408
8003 118
4287 627
1044 588
164 263
7875 192
5480 327
2462 86
6961 814
7233 472
6717 624
2049 714
428 1000
5105 562
6839 707
6219 541
8523 87
2081 271
3396 790
6026 644
6662 427
3253 372
4666 491
9993 927
6930 180
366 50
2638 832
6418 715
8445 414
6024 34
2147 794
6346 396
4412 682
5861 569
8447 481
4120 553
2584 170
5112 550
1353 28
2232 931
3905 335
6790 85
3659 234
8716 147
3738 260
4189 826
8377 967
4260 579
553 671
4722 766
2540 881
2648 945
6014 695
4245 317
9665 474
8503 417
7213 840
1553 891
3251 626
4255 532
9666 119
1128 928
5306 652
7883 465
6993 577
1347 366
5870 767
8542 797
4180 763
2656 347
7376 237
6245 358
7929 863
9110 521
6860 665
2162 953
2873 275
4990 228
3420 651
3826 196
1764 528
6836 568
3875 98
2524 976
1022 452
6534 183
9603 706
7238 871
2452 473
6978 978
1550 864
2619 756
2539 417
8887 369
3122 103
204 512
4207 346
9641 158
7253 538
60 303
7825 680
476 154
6799 951
4924 549
9696 292
2650 749
7570 765
6821 127
3295 91
2133 614
369 570
9707 42
5479 825
8919 817
3212 522
5991 141
5285 224
6515 547
1846 520
5709 870
3708 13
3099 780
2833 810
9652 866
8971 122
2855 433
9347 651
558 851
6071 709
7671 340
2929 702
9703 866
3342 918
7105 500
1789 480
5552 382
8603 902
1947 86
3188 741
1238 49
5757 914
7248 524
7418 849
461 457
7093 940
7750 287
3684 856
9705 758
8083 940
3413 869
1071 31
3912 779
6097 206
8528 603
1292 515
8787 826
360 521
7286 520
7053 747
5969 540
8271 652
1582 207
2883 973
8976 400
2781 286
6908 702
1424 863
8433 669
5062 230
3216 21
2144 315
9579 171
1453 923
4223 957
8618 769
1667 330
4287 666
9258 924
9845 64
3576 332
32 963
7099 427
6924 151
5877 126
4808 669
8711 949
60 113
2566 483
8367 243
5350 525
3036 909
9894 461
8162 158
4313 344
24 273
3391 894
6641 85
1453 176
9199 403
7982 923
2300 923
2563 172
2228 566
536 263
117 243
5722 239
3200 913
5152 172
393 361
6783 684
6103 275
6901 309
1093 436
2502 148
521 485
6147 767
7219 28
7341 691
683 258
2202 41
6329 4
2604 270
5124 910
5106 717
2978 665
7126 213
1134 488
1502 890
5307 999
6937 140
4407 172
7249 732
8124 189
6033 978
6139 116
8525 217
9509 844
6070 525
495 530
6850 219
9008 121
5305 202
5846 856
5479 585
2343 711
2065 437
3550 575
9316 181
1086 905
1034 679
8161 834
6358 882
5726 51
7533 393
9460 534
3140 223
6659 952
6960 85
2018 701
7818 263
8255 700
4925 616
5622 74
6221 79
6784 250
2969 446
1760 921
4711 90
3423 44
8457 731
3327 875
8580 673
135 597
6410 481
9476 870
175 970
9745 298
8772 18
8510 609
5179 182
5838 804
3403 757
7661 108
6358 57
2866 127
1423 457
3325 199
1584 643
6843 590
1108 71
2500 164
1457 462
8708 618
753 833
1702 884
8091 740
9047 637
4430 636
203 980
9131 445
3536 17
3136 188
1628 552
7284 688
6733 216
4709 889
7720 22
3668 706
1435 180
532 462
8209 422
2390 512
8192 666
5674 537
6573 15
8666 201
2827 591
7527 638
8821 742
1513 47
9818 357
3917 583
5847 401
3005 725
6492 878
3362 571
8761 872
4109 438
9507 121
367 974
7291 733
7930 666
1757 754
3055 618
5627 976
7356 962
519 418
2394 945
6023 198
7301 737
5226 522
988 389
5283 364
8404 285
8494 17
8339 889
3656 646
8652 476
452 666
3078 394
2347 812
3754 64
2010 663
4215 906
6504 136
1044 225
1081 853
8485 515
5200 39
82 343
9568 785
4722 349
2539 858
671 572
4335 766
5319 151
7889 779
3633 830
8351 166
4930 722
4658 479
6145 470
3178 942
9715 63
8915 562
805 61
3358 547
136 899
7208 893
7810 454
3652 154
6462 495
1938 825
7375 837
3273 527
257 998
1361 473
3459 489
4422 568
4550 429
5955 607
1456 770
9603 960
2241 282
4377 257
2628 279
5835 377
9506 698
1199 770
5261 58
5644 262
3639 614
5075 441
7592 590
3722 22
2692 212
1771 550
8650 961
7162 264
8373 106
307 450
7601 289
5268 645
4146 707
9538 120
3786 465
6579 789
9242 348
7274 334
1223 695
1981 932
5830 949
5952 269
3543 944
6001 896
9137 566
4053 404
1138 202
4301 489
8892 689
4854 884
1450 740
3647 95
6405 235
5016 297
9075 802
7741 247
7975 986
5688 196
4758 876
7046 108
4862 369
9712 827
5597 621
6689 951
2719 398
3236 244
6815 874
9622 487
1022 296
3200 887
1314 433
2525 91
9127 977
1377 348
9624 293
5329 587
8710 482
5908 257
8535 981
817 21
8625 605
6683 116
5149 533
5997 480
9066 81
4763 712
1779 778
6781 431
4834 328
2422 102
8671 812
7691 868
170 589
1089 991
6810 429
2318 96
863 533
3959 919
7951 454
7314 859
874 538
7779 453
2152 724
6369 428
7776 961
829 793
459 357
4973 657
2297 113
6018 622
283 691
8467 835
634 875
1363 504
1872 777
4928 135
6608 37
65 618
8292 662
8768 876
7606 690
3522 649
9588 751
5060 711
59 740
5331 557
4849 937
7088 550
980 685
6227 861
55 187
4946 867
9517 741
8406 793
369 68
8417 754
302 551
6576 511
7735 772
295 983
9560 304
5576 947
537 426
9477 908
8293 155
2513 206
7884 422
3389 988
3158 582
5103 904
6790 971
6800 795
6329 484
3984 118
1679 706
7648 820
5868 792
4914 227
6020 991
9537 295
3900 450
4706 418
4790 584
2389 320
495 271
3112 126
1548 356
639 160
2449 371
5171 755
5925 901
5084 882
2685 130
205
8987 864
4822 325
6175 258
5246 62
5788 804
9570 165
1112 428
8667 6
5946 40
7993 104
526 331
1575 867
8118 335
7851 943
8987 342
3487 715
4991 37
4968 156
1706 127
8142 575
1018 946
7360 873
2980 133
749 910
9517 900
1469 803
6401 87
423 717
8520 517
8229 688
86 829
216 257
3203 561
5965 407
5176 827
433 578
4767 606
6259 256
9319 890
5462 137
3425 130
7407 980
971 413
2826 705
4057 223
3446 569
6935 710
6780 309
2561 140
1405 378
8798 895
4271 671
8121 212
1850 416
2614 350
922 977
6743 830
2746 494
5798 64
8091 667
4253 717
5173 842
5345 899
6014 273
1488 939
437 998
7545 949
3911 985
1124 658
1557 811
7870 693
9841 583
2182 21
5241 132
3332 994
7057 559
6215 775
1739 580
122 158
3125 170
9888 101
8738 254
3234 901
750 291
1819 424
173 904
5567 693
1521 679
4900 924
171 52
9518 571
6620 232
4552 593
4502 871
9535 279
9519 870
2776 719
7214 372
1094 496
1463 666
2031 451
699 433
1286 895
8649 987
5247 409
2505 832
5257 26
9233 681
2886 356
7086 153
1677 506
1307 213
7237 116
6115 47
2981 206
8416 11
4145 4
1816 409
297 957
7743 914
9482 825
4482 677
2702 805
6824 708
3423 798
6708 897
5668 943
5145 636
4736 308
3999 412
4780 506
8504 887
2314 822
7594 573
2658 412
6870 171
729 340
4793 385
7907 305
9628 120
5282 993
2684 844
349 144
4744 147
6955 669
1080 406
2415 280
9641 309
7430 60
7359 362
6773 253
4715 175
4524 831
8508 77
1876 785
2847 526
5791 184
9109 563
3618 371
1833 986
6521 104
98 140
9497 458
1768 719
5572 882
8392 670
3967 787
4797 348
8295 142
8883 101
6920 763
152 808
2916 302
9175 246
192 713
7847 550
6477 653
5633 897
1205 600
4065 240
1069 76
5472 336
9700 980
9732 530
1945 103
2277 453
4912 571
7570 206
2633 645
8699 893
5566 29
8603 326
9963 683
5195 695
3425 473
799 680
4203 164
6915 583
3172 395
3497 729
950 631
9433 705
1195 901
1163 497
1974 578
467
4566 965
1636 672
6087 89
5354 503
7397 628
6665 142
847 399
6200 741
1228 116
2448 368
728 427
3311 8
9206 358
8924 466
7253 72
803 410
4942 295
7581 541
1205 946
8793 981
5095 771
5334 939
6463 817
8979 983
9159 259
2634 208
9364 157
9354 353
7710 263
3741 333
4983 326
5385 376
336 234
2939 578
3003 310
4485 388
6429 13
6704 57
545 1
7870 67
9953 104
3520 61
1330 594
3344 949
5291 667
4055 841
2709 723
302 289
7934 804
1463 684
8753 570
3495 590
4695 310
5856 272
1575 43
3927 64
2665 490
5673 494
2646 214
6488 131
8837 902
6539 896
2945 577
8237 838
4226 92
3342 60
2624 794
5456 451
2425 541
3707 952
6953 578
5782 275
6722 897
1739 23
3688 132
2590 117
4581 739
9033 676
8887 28
4075 659
8592 999
1670 781
1424 328
1104 859
5119 768
9636 26
5391 523
2731 953
7469 384
4568 173
7185 453
7697 571
4375 778
3328 126
7642 71
3132 164
6156 149
8065 481
9913 141
6550 334
3104 364
5669 581
3687 63
188 338
68 687
6603 580
8233 501
5139 193
1354 703
8684 592
6980 827
1683 689
8131 704
5020 590
9571 401
7574 891
4242 38
226 825
9060 596
8643 416
1814 350
7133 710
7422 44
2076 780
1510 55
6855 949
3068 4
6282 378
2298 619
1935 51
6011 674
6013 562
9298 96
9783 850
4038 109
3876 873
7917 894
46 551
345 700
6291 635
601 372
3867 150
8644 416
5299 472
7180 434
3172 208
9147 956
3533 399
4622 217
2825 19
1835 262
7234 33
4257 248
8557 541
9442 885
1767 675
8812 703
9298 840
5314 785
1122 269
3275 382
1727 904
4675 435
891 264
6667 152
10 398
6304 302
9827 234
8025 844
9147 665
1208 583
2352 649
6059 790
3411 171
336 508
2949 996
718 705
8831 218
5294 225
3640 89
2624 620
6262 595
837 862
4160 938
729 445
141 818
9428 543
3571 521
9615 334
7502 530
4180 99
2311 299
1788 268
9186 387
3743 82
7053 860
5661 749
7029 651
8935 918
5729 420
7231 68
8876 199
8771 526
5469 490
2940 854
8832 830
4068 748
9230 29
5169 992
8845 527
2409 651
4241 86
6982 236
1398 595
2637 433
8727 300
6609 519
5740 387
4751 891
8176 901
9350 413
5792 43
9390 927
5348 144
1137 52
2775 865
1448 485
4956 27
5979 52
6667 547
1819 193
4900 143
8904 117
6231 315
7114 144
7118 338
3341 785
1135 815
2445 953
6429 19
5237 634
1153 306
5993 369
6360 800
8162 89
7524 607
2887 892
4653 150
8822 217
267 871
1491 853
9769 853
3970 718
6673 509
4103 501
9049 813
1219 989
4479 996
5924 469
9298 693
9440 982
5698 226
9904 493
7694 230
6149 475
9057 653
2122 358
7282 938
5069 717
435 82
5046 277
4905 486
9258 110
4418 165
5534 32
2750 108
4091 924
8415 106
3848 167
3096 621
3659 931
7538 554
3331 463
5853 799
5580 723
7812 504
7987 558
434 361
9381 57
7996 991
3596 76
40 248
9959 257
8590 234
1122 20
4872 582
8773 708
8980 810
2736 850
5456 918
9251 724
7452 992
6092 483
6207 62
4044 137
8443 201
8002 673
2784 125
491 420
5338 185
1262 122
8524 315
721 771
4551 192
2490 64
3293 595
4940 118
4442 673
2437 462
8293 66
5368 819
5375 538
3505 955
584 152
6382 787
9066 216
6251 936
8922 178
8316 819
2807 769
1805 429
550 483
274 305
6603 976
4840 790
5122 618
5948 500
626 720
9183 895
1803 959
1031 906
3765 284
5590 427
7206 471
7582 354
2085 326
605 956
7616 837
8742 682
5824 304
8736 572
874 264
4664 138
7627 460
623 830
2117 416
509 836
2970 774
2259 829
7557 646
6138 903
4651 138
7702 492
675 732
3398 48
6255 197
6428 496
5684 738
8849 233
641 644
8924 354
2928 800
8200 895
9346 375
4875 445
7446 788
4284 74
9700 239
2195 505
6141 37
564 344
9768 774
4583 621
4622 741
5602 262
9466 796
19 317
6971 772
739 991
6968 36
7398 652
6886 32
5753 150
9734 341
9576 305
1627 773
2313 796
144 340
512 994
5620 271
5679 995
3511 453
7604 482
5645 327
193 250
17 139
508 118
2110 3
7155 485
4369 766
1823 798
5385 803
7781 155
6077 60
4321 12
2640 673
7386 428
2495 250
9877 622
8271 83
6843 838
8794 192
6056 757
381 724
3074 455
6033 505
8287 927
4754 522
6007 981
2592 296
8152 275
4711 888
7281 275
979 896
5730 28
5112 102
7948 846
6180 797
2758 502
4708 805
914 404
9737 460
4268 941
7725 897
4595 733
316 704
1850 875
3470 739
3957 872
6490 98
6635 423
1186 444
6888 226
3484 986
2666 383
564 509
7249 51
9092 903
9508 400
467 362
8556 861
8205 70
9045 906
3395 168
6123 424
4379 415
714 746
481
8653 460
7157 506
7253 124
5312 768
8461 556
4926 843
7132 374
9464 165
1382 329
6191 152
1098 814
5251 544
9980 489
7681 650
2746 909
1391 374
9258 659
6978 520
2459 759
7746 283
5815 763
7625 812
4442 796
6993 68
5806 90
1218 189
3921 755
9674 542
3746 158
332 200
6825 754
5831 317
7092 315
9399 756
3653 53
2088 39
2848 97
7453 908
27 778
5895 278
4901 723
1810 720
3561 352
4755 228
243 416
9298 18
1700 544
7947 558
7357 825
4261 863
8553 662
940 879
9264 45
8484 192
1114 551
472 342
3067 93
9569 251
8699 932
5289 440
8426 225
794 315
568 231
2377 190
3847 822
5511 331
5915 874
989 886
3445 316
7747 356
8347 510
9822 495
3333 722
6275 712
6757 667
4950 222
6631 851
4402 469
9878 27
6748 552
3553 725
6027 448
1299 605
8321 916
6548 433
4307 784
7605 521
6343 237
488 594
1769 51
137 448
8325 900
9622 230
7519 453
1861 794
2370 274
593 553
4122 663
4617 641
1876 963
9556 143
3676 195
2785 189
2647 390
3324 547
5649 733
3147 76
1277 956
4131 811
8590 275
9642 716
2732 95
9247 879
3297 159
8509 666
7315 668
3310 719
2494 732
6727 352
231 962
8991 553
5477 950
5461 510
7156 818
2260 930
6264 460
6052 908
6641 60
5716 211
49 810
9846 557
6040 315
8601 939
4895 877
710 721
422 45
3173 764
4807 306
9753 531
9902 771
9842 404
964 525
3384 109
7022 835
4290 956
5898 259
3527 808
570 382
6829 649
4778 565
9695 840
582 936
9979 337
2024 511
9603 681
7418 680
9797 799
5340 563
5473 311
4504 859
503 276
2583 627
1375 67
6442 843
2393 103
893 97
9429 173
1646 494
2827 63
1465 657
7212 647
4107 458
4798 704
179 949
3730 186
5932 340
1052 907
7871 236
4015 471
3233 914
973 148
494 812
799 273
289 382
567 452
9308 99
4362 972
2063 642
9123 662
9428 370
8218 662
6593 949
9868 284
5321 799
7602 513
1903 725
6414 443
7897 104
1881 465
2644 909
4317 290
2094 34
6694 522
8564 825
3048 644
1951 578
1861 397
8276 34
3005 222
1675 189
382 191
5052 576
722 724
3019 277
7376 19
8510 186
8358 315
7140 960
1366 316
1808 180
1470 893
1746 171
9494 167
4371 730
5028 36
8683 304
4631 838
8650 347
8384 366
9525 168
3106 61
7398 134
5803 658
2643 742
386 326
4464 989
2645 916
2449 89
7949 958
3993 767
4806 897
1412 982
4593 225
1953 398
5211 659
2251 65
2406 778
3696 922
9581 102
2809 704
822 305
5982 950
9573 786
9660 307
6797 355
3533 720
9107 415
6341 501
9034 872
6274 503
7853 755
6476 766
8729 143
218 12
214 819
4678 910
3905 692
5648 992
7506 173
6387 408
6258 119
4609 703
5344 530
9093 908
4033 178
5866 863
686 237
4476 159
9793 614
5776 390
6417 285
5586 197
663 299
9228 684
803 529
2427 988
8212 799
560 732
4467 739
1840 525
1163 229
1373 980
3706 810
1503 703
2764 352
5060 112
3878 288
1740 204
2221 278
890 564
2432 855
7393 499
731 386
6428 115
6632 302
3951 500
4790 602
5361 352
7030 140
10000 151
3979 535
5654 104
1441 524
6565 521
7577 441
5040 777
200 144
1358 290
4194 923
8359 726
8899 855
7459 953
9792 46
4105 234
9157 502
3264 978
4627 784
1215 934
7128 273
1166 23
3986 577
5917 453
9984 814
7305 433
6349 31
6873 484
5514 967
1859 724
9999 784
7490 98
7670 908
7467 377
1685 54
8784 775
6304 214
748 128
2075 336
7978 937
964 382
1877 356
3945 840
704 462
7663 96
841 407
8155 552
4918 171
3784 500
6135 944
3112 152
1850 270
8180 998
137 33
4181 920
6618 290
6885 771
6005 210
4949 317
2906 917
2105 354
9905 610
7127 950
7634 113
2004 233
5580 108
115 34
5310 652
4230 932
9647 360
1297 168
6370 208
3898 481
3771 610
7949 898
2639 814
4154 755
9409 379
734 419
4002 715
3546 892
5134 572
5011 337
2480 495
6427 697
3369 44
17 111
1274 723
5433 973
962 54
2057 251
2688 19
375 105
8513 23
3034 618
4570 621
1308 388
6043 171
543 577
2429 892
5425 57
8139 62
8450 306
195 726
5288 194
527 273
912 646
2089 946
8855 565
6771 659
1214 590
1223 825
3423 368
9561 818
6744 377
8944 235
191 486
34 754
6559 368
4158 387
4626 321
1279 707
7218 148
7233 342
2178 829
3551 813
5849 744
1676 650
5932 266
2641 30
4068 406
437 512
6696 119
7484 143
9539 211
580 74
1017 144
8943 521
8499 581
739 115
5442 843
5783 849
9458 806
8288 587
6944 892
3125 88
8765 320
5725 606
4961 215
4067 673
9157 952
1938 420
4185 362
3346 245
549 738
6311 598
1949 113
8688 587
4840 982
3514 627
5189 326
901 22
4105 385
7487 514
9005 863
7774 830
6273 563
5180 363
2770 716
7858 393
2801 879
6715 132
4529 557
358
8607 326
6707 733
2880 996
4126 973
2730 483
6477 136
6965 134
6925 331
2004 654
4152 373
1997 764
4430 856
7595 777
1960 994
3022 586
5923 6
658 737
3277 624
4012 881
1211 160
287 932
9739 228
7182 832
2865 908
6640 381
3085 681
8309 150
1160 592
2651 161
5566 886
8852 971
2744 378
5662 198
219 205
8398 290
9306 90
4892 941
9034 865
4009 153
5352 47
2571 504
3096 555
4176 317
785 715
2451 172
8626 770
1298 820
8332 800
5097 933
2873 617
6389 545
7949 801
2535 797
1444 188
9657 464
7839 254
2850 400
2573 956
9994 216
9202 318
1156 994
6708 461
6027 778
9332 641
7734 891
6762 916
7453 472
8885 487
5072 614
694 590
1098 968
8525 527
3060 945
401 587
7907 470
9564 439
8868 464
5754 426
8358 899
8697 629
9742 405
4701 660
5012 119
3712 149
2469 10
3726 116
7230 806
3020 990
5190 657
7208 395
1278 775
65 797
6006 277
3136 414
5669 754
5263 699
860 182
8345 37
8906 586
7036 237
7435 353
4099 452
3991 865
9391 979
7833 226
7005 470
6275 448
9081 983
6091 282
5582 268
9681 994
3687 343
6262 118
956 9
4639 466
1068 597
3091 753
9014 634
4704 370
9144 72
1974 25
6111 549
810 212
6307 488
8686 781
7385 540
9131 184
7770 966
769 988
7329 686
3530 647
145 78
3014 745
1943 198
5058 920
6883 280
1382 93
5348 7
9364 423
1643 231
4159 505
1786 813
4119 459
5694 459
140 891
9639 312
3657 162
734 129
9920 27
4937 359
498 346
1084 801
4140 627
1952 476
939 485
612 31
2973 817
3310 306
5879 141
204 678
5573 846
7175 708
2346 140
5349 449
7322 181
8803 391
9874 224
609 427
4404 430
2798 950
9536 751
2625 594
6163 439
6765 868
4340 537
6883 920
2289 317
2982 87
5307 905
148 228
2526 790
2967 486
8889 338
1853 737
8220 16
8336 14
9488 570
6942 150
2229 525
554 840
596 460
3469 477
2376 841
2086 116
3257 64
4727 618
25 240
88 689
3294 115
5010 519
86 973
8882 454
4518 866
8297 347
5060 267
4271 600
5645 874
5939 944
4038 55
9218 106
5969 306
7839 263
216 43
9151 715
347 962
3088 630
591 698
5180 459
4007 221
5408 93
9651 236
7073 862
9670 951
4836 103
7098 528
6390 201
8040 296
1716 627
5194 307
3455 580
7751 59
18 242
1725 550
6608 886
8665 750
879 34
2424 756
5824 6
4780 271
7800 344
4519 24
4771 677
1570 676
5717 164
2170 566
3939 632
9469 687
3269 53
6154 416
5240 633
1910 423
510 160
4135 568
872 76
3531 244
3728 448
5539 482
2938 178
5958 648
8410 975
6976 839
2502 886
2821 824
3015 152
6644 418
7464 874
9573 828
9851 979
2899 706
8745 862
9783 445
8060 728
731 477
7532 349
4675 405
8732 929
4433 267
3546 701
6525 896
334 658
5598 92
5352 526
3504 559
9145 906
2356 383
9943 369
645 458
4623 925
7082 576
8886 732
5148 319
9381 192
1848 689
8504 957
6904 106
6249 729
1327 54
8964 750
6320 503
9722 792
1026 375
3814 706
5486 913
8549 569
6182 909
8325 65
7528 549
1584 63
5695 65
8880 254
9847 653
7296 933
4616 165
1420 46
9385 590
9932 568
9353 889
2077 897
8916 48
1736 205
3841 146
1657 46
5003 83
874 417
4649 186
1266 700
9055 564
6375 745
9456 612
3067 800
8626 369
1710 648
9141 628
2469 436
1781 454
6780 591
7630 45
1970 30
4590 403
4007 313
6797 661
9066 803
7886 443
5593 629
5778 8
212 494
9178 196
2746 75
606 593
4893 291
3819 82
1120 303
9521 466
6878 451
6275 745
646 530
9790 425
6249 958
901
8489 371
9926 285
6368 847
7003 203
9266 659
8372 890
3889 753
1538 392
4070 728
3212 455
8246 988
6748 532
7838 864
7385 471
8499 263
3433 786
2922 497
5309 572
1836 99
2853 103
6926 163
8284 352
6055 309
4134 612
571 700
5891 799
546 569
5025 105
7421 884
8493 101
9964 588
7674 835
693 816
2366 389
5601 103
6279 690
571 533
1562 23
9375 324
6875 455
5474 173
6041 925
2432 626
431 846
1105 11
7097 913
2513 451
2646 512
4026 391
649 23
8980 578
3228 779
9726 387
617 439
4030 251
9567 921
7442 934
4289 98
6863 70
1879 72
5911 34
7544 887
5791 589
5968 403
2964 933
3397 806
6004 334
496 628
2655 146
3232 938
101 618
2502 333
1168 811
6980 64
150 255
4035 624
169 524
9986 22
3614 126
7617 232
144 403
256 468
9983 140
6916 105
1498 894
9411 203
1305 798
3711 825
559 491
6013 743
3847 143
3540 552
3596 968
3798 775
4096 657
9539 795
5017 826
4737 514
3041 161
5091 418
7591 993
1313 685
7710 894
6002 563
1846 940
5525 367
8046 364
8444 636
6841 385
1117 216
8720 785
694 424
3209 376
7228 240
994 611
1716 753
6926 734
8012 38
5464 335
9281 225
9319 9
8347 17
6341 508
5176 66
7953 505
6889 484
3291 338
3256 119
6391 565
7464 933
3712 859
7026 46
3571 891
2564 665
4945 345
8036 880
9485 76
2743 605
6616 943
4294 456
5238 622
5467 289
1187 898
6266 819
8692 569
5039 225
1929 822
9912 246
8628 2
6905 658
6005 401
632 482
7438 738
8484 115
2647 813
1859 732
8909 856
1349 71
4411 251
8858 842
2695 404
4391 606
3316 159
8172 964
6896 973
4756 432
127 716
3658 281
603 990
7097 134
1175 116
1327 175
4598 859
8172 431
8320 923
2574 715
96 215
8003 64
6654 225
5431 693
792 568
9551 735
3151 530
2260 251
8040 642
1805 947
4484 284
9085 406
5542 243
7697 630
9269 79
2436 988
954 823
3136 366
7673 14
4179 4
9938 231
3058 224
109 29
5747 903
4054 577
9261 735
2227 537
3567 816
9477 601
3648 604
4862 653
4595 5
4300 3
7930 784
8723 127
7810 722
561 32
3890 677
9185 354
2696 205
3300 105
6780 500
2534 699
2061 510
8171 478
3552 869
2853 222
7933 64
6404 732
8297 677
1244 372
7466 923
6232 781
4635 543
1208 704
7440 808
5525 924
3020 373
4761 992
8206 639
5108 546
5931 336
8743 250
6934 817
9876 467
6248 317
5858 394
2819 799
4515 799
1864 183
4405 159
5481 757
5344 127
3626 557
5728 691
936 927
6302 737
1463 276
2080 365
2280 373
2182 200
4862 369
8987 820
6362 248
371 665
4301 112
6107 894
7732 507
5708 47
9283 218
7868 674
8565 892
3616 284
7069 250
1930 971
7898 489
10 540
9312 555
3728 937
7770 295
3677 406
6628 225
5707 44
8227 564
6947 876
4876 191
9486 320
1502 906
5655 900
3609 795
6601 594
3420 454
8051 166
2154 524
1398 804
6003 507
5323 337
375 349
9738 719
3427 387
7971 208
8198 564
9372 856
1615 607
7303 612
7841 356
4811 619
1754 476
680 505
1080 710
9877 482
3857 447
8123 905
3654 936
8797 371
5860 943
2569 320
4259 254
5571 614
3741 303
898 8
5943 749
1794 278
4548 294
2466 140
6916 781
5658 192
2515 931
2556 402
5594 877
8416 289
6211 351
5484 557
8470 397
4794 695
6421 918
7676 910
4493 119
8656 106
4638 386
398 129
2321 169
2006 198
8707 152
1993 614
1912 396
3410 957
8262 906
2109 270
7179 832
1254 567
4185 450
3263 368
9595 429
2097 336
1295 713
3850 820
791 201
5844 122
6140 629
1681 789
7595 141
2051 46
5409 26
9956 359
9412 761
4719 553
3405 44
1541 260
5933 111
19 146
803 4
3609 641
979 792
3549 215
7528 555
2606 357
8568 495
6486 398
2012 508
6498 233
2232 542
7132 708
9127 243
4985 675
7179 924
9076 427
7946 422
1719 243
4214 224
3403 44
3066 801
3365 648
1999 144
5127 312
3811 208
2430 667
5355 521
5690 69
7853 152
9768 381
9353 962
2827 207
1762 936
4241 219
8871 339
1092 845
6947 165
1668 524
5979 471
4805 483
344 174
8350 965
5156 511
6611 281
8633 592
4040 888
6600 994
340 48
8937 340
8998 175
1233 720
1674 718
771 427
8274 12
8191 172
6304 124
5171 498
3048 970
4778 785
1597 481
1341 565
5664 616
8225 231
1971 860
9294 417
2024 37
5174 600
2767 621
8644 200
6328 469
6940 303
7080 962
2774 867
7897 568
775 297
899 81
4021 950
4400 367
1263 642
4288 505
8479 979
8105 879
416 777
9404 978
3808 343
7595 724
1637 437
4783 927
9586 986
3085 223
5309 98
200 943
2886 55
1276 841
3668 517
6946 812
638 32
3510 655
5569 789
8593 754
4795 621
6506 821
4609 638
4626 914
5673 255
7669 990
8246 110
1301 22
4958 225
7815 110
4105 472
5920 999
5183 810
2672 2
2419 26
2449 405
7312 861
7391 237
6682 540
6073 708
2248 150
1179 407
5108 795
6144 764
7600 449
9992 135
8166 171
5926 318
7632 661
8559 682
4244 72
8577 777
6679 538
3988 956
1965 437
44 986
6566 669
3517 103
762 37
5629 332
3700 805
7512 490
8999 865
7303 533
7481 784
8422 359
912 741
7446 598
1043 60
4751 29
1911 774
5917 985
2742 98
2405 850
4520 607
6131 673
4529 891
1051 420
7628 911
3412 804
4311 814
7402 628
5608 60
2097 327
2831 113
3245 540
5239 436
5967 14
9708 847
3893 850
7076 889
8732 646
1698 621
9669 28
9678 464
1556 950
6719 796
2926 420
1282 109
4623 151
3477 978
635 344
7853 781
1121 231
1374 385
1254 172
7412 203
9251 85
6798 866
8928 874
4207 248
8821 456
2100 141
189 969
2829 939
4223 787
8789 79
6824 43
8173 626
6445 404
9631 223
3661 504
4848 626
6019 536
7952 58
4396 755
8606 683
2628 602
8540 337
4379 515
3904 371
2725 293
5301 546
872 56
48 458
5267 435
8974 52
6894 434
8256 403
4838 636
6453 971
578 930
3492 633
9295 570
2433 370
8995 442
4804 268
8533 806
5989 592
2345 792
6125 13
8438 492
8110 943
5913 71
9955 20
8279 370
2111 617
121 628
3596 462
5042 558
1090 532
1050 551
3824 846
8864 228
1712 881
3941 977
7825 808
1502 786
371 872
854 64
1581 656
5175 581
2892 285
4726 47
3051 977
1952 752
2731 171
4689 229
7252 323
8057 764
3956 659
7122 286
4748 790
6387 776
2008 310
9739 472
3993 781
6836 439
9863 705
792 508
6347 558
2557 211
8804 89
6950 380
4172 613
4761 772
7731 186
1332 633
144 461
6264 573
799 423
2006 306
652 108
1029 813
2741 138
5886 877
809 317
2078 325
9067 163
3823 565
8431 697
1996 436
2914 159
2985 740
6586 567
4515 757
5812 672
4693 118
7888 168
7323 253
1959 533
3117 296
9785 747
5387 772
5504 195
9748 663
3526 57
8946 949
26 726
6179 612
3204 864
8788 220
4718 184
6760 257
8166 819
656 775
2873 303
6366 703
1341 743
6294 534
7730 253
7954 889
4330 292
928 89
1613 75
9415 806
5984 251
3961 535
5987 259
6921 967
2492 730
7776 600
8513 789
3273 551
5911 390
942 795
982 655
5004 112
2625 14
4672 121
6491 180
6387 118
6330 773
2633 493
2754 573
5877 142
4350 910
5230 805
2030 166
1840 23
8739 525
6556 712
1150 284
121 28
1299 288
2000 650
7283 52
2354 121
4137 810
3756 867
2230 169
9183 498
7359 567
2276 246
3944 438
4981 990
3390 354
6369 288
8756 52
1554 725
7231 26
9024 390
7443 426
1894 590
4786 168
4356 420
2425 563
5136 864
4527 753
1202 910
6191 886
1925 662
6701 200
4202 156
9783 489
7145 110
4894 974
6492 78
9710 793
3805 315
5057 341
918 53
1657 527
1188 901
9106 39
9337 78
9018 586
4982 33
9806 444
4102 707
7862 281
2608 668
307 309
9138 452
5636 984
6387 603
4880 881
3984 73
3586 888
1292 492
802 694
1529 684
5694 413
8734 263
3249 922
5104 545
7873 805
5483 845
4579 994
7691 915
6889 469
9177 480
5856 944
2349 577
8862 248
8144 128
314 155
5308 217
3811 960
323 88
1015 546
4164 962
9002 368
1914 18
4251 487
5072 359
553 859
2115 762
8384 804
3657 778
5331 77
6138 220
5662 63
4654 596
1328 966
2741 80
4042 289
7004 989
5600 966
5625 580
4011 350
6590 196
257 284
894 989
3146 365
3385 905
2322 592
9965 97
6524 80
14 755
9069 650
8483 169
6159 523
9451 71
8631 163
7878 703
3862 926
4654 968
9407 46
5874 28
7861 500
587 795
9889 791
1745 558
2892 225
7605 614
5637 784
3780 535
7062 410
974 411
9309 374
9366 473
9805 144
1514 379
2226 825
6206 42
7122 14
687 516
5733 391
2916 495
4267 270
8374 709
7279 657
151 816
6086 609
211 628
3609 766
3209 997
9129 582
3178 901
8505 936
1220 392
6777 391
6601 898
2232 552
3732 370
9188 752
8683 663
9572 458
1542 98
7597 734
246 429
8047 261
7358 554
3137 622
5541 301
6890 522
4056 814
4068 824
6659 305
3589 551
1985 198
8492 693
2 756
2157 223
7993 7
6064 708
3105 386
6102 810
8468 748
2149 247
3456 896
6027 457
4895 370
0
