732462 710970 400167 898762
76890 21050 48345 86208
56609 102053 91913 186456
125859 375970 175428 600611
580426 219060 370470 836145
711508 31362 581911 968945
738608 424768 656888 911721
26666 25147 11132 45074
26948 63970 60581 398806
294880 564674 3592 697827
293975 387679 162343 466005
478252 27874 89006 490141
163136 202078 152148 505443
54605 69496 378935 457555
178415 144336 270163 673423
581443 187179 467194 626303
186530 224928 180825 374770
163424 316698 216604 351941
175382 146393 402405 455124
5888 14769 22865 26496
451667 317545 536863 590867
166670 66654 7388 201195
18911 367766 546687 678127
190612 577274 684639 763599
54909 91641 52579 147734
418745 398141 173930 492196
332925 536362 246290 790349
177710 343308 712430 739768
34232 49151 21075 50895
89740 112706 291425 470517
63048 2977 792411 901633
184669 258933 253361 824461
440867 74277 217637 660096
35566 62752 359578 449230
257531 61682 197602 720417
482151 519312 403585 759120
602555 391265 183494 630441
28115 191254 650623 812339
283373 489317 22884 513766
590575 86672 152977 627863
91805 121680 23127 135148
771403 609037 418389 786456
135144 124626 300362 447217
228014 71237 44791 239404
102651 421843 318847 578736
460373 295898 126460 577568
304614 10067 285462 320007
232541 218239 83741 277400
583534 556450 195241 591273
582575 255856 66599 790796
0 0 0 0
