16016 86003 70363 203100
12212 145947 93888 162445
230426 75033 87432 283642
29582 9896 7511 39618
61767 184631 183031 465831
60122 306808 266999 448142
90936 81990 893567 953041
246938 880219 49377 941380
573288 537382 453048 582613
455839 539182 147069 827686
76120 235832 263142 504728
455633 646214 607712 772896
76340 460561 628185 977630
536436 731278 26535 806301
49715 703708 162593 705217
259443 696609 285529 848038
305827 853059 597754 931732
5105 42768 19671 60174
23836 176354 339999 466316
479327 65620 77748 660813
419664 558735 860423 991072
195892 342142 338078 471314
191380 240327 305100 585624
74242 74698 69867 249390
181810 66016 201894 227050
457506 428677 454663 554144
124058 230166 537310 555367
97380 154271 1668 210389
497460 244090 318872 846007
564746 172713 299737 624931
119578 485743 629595 884916
254879 520286 178071 722312
498839 592846 466388 724047
327956 33026 628767 679093
282651 393384 267803 879868
60791 208483 74870 287861
10227 36041 40529 44664
29850 351404 536398 682874
372252 300054 74277 996804
134741 24600 120787 146837
70755 360308 75662 371386
51977 16077 51128 59770
392751 307071 141545 469233
345864 334175 161644 351652
55523 30886 86855 101866
415843 353438 189409 479035
210864 170282 102791 273263
555574 189795 226561 591203
181698 243822 297381 461057
132591 21623 83797 414313
0 0 0 0
