379939 420505 346956 611407
112882 136209 124809 767967
503599 665510 232737 843073
105729 67551 16532 133191
86815 27703 211974 380148
43457 327000 32426 336177
453608 705237 615237 894705
76385 46013 153147 166831
8301 17102 226728 266854
816591 172759 190600 986177
5967 340636 235383 505775
39224 113223 172142 184558
35222 194652 763493 837189
312425 70397 119135 380298
133715 362002 117427 688243
2123 66671 23347 90260
240461 311609 246772 346410
59225 73508 46526 75396
870 238091 236960 259993
417536 318132 318798 462906
551455 279168 800046 904923
827700 642175 433887 832148
4169 303155 466515 575478
851578 398986 580634 898369
229576 216335 256417 374188
576478 9436 53876 732574
312947 554469 46721 577614
79747 146211 132017 282022
170551 80770 38102 483801
245693 357746 100184 408801
37185 5977 12340 77474
763288 449514 76981 777143
789786 249713 548847 836737
541461 525591 132412 685192
245559 657967 55302 858006
337457 340099 226288 398451
101449 575412 843445 944821
543735 413212 162493 792629
17907 111267 102825 318925
301662 179332 360601 674557
202996 94079 262903 418997
2741 4410 133 23445
17416 15031 23814 57097
656534 454807 208622 732855
32342 42012 312954 395248
287215 370801 15311 622988
860211 870875 825448 883100
498281 15291 579981 920723
431658 248288 356984 833941
24344 400116 231746 673671
0 0 0 0
