47811 39421 35696 57907
346027 628885 503201 711525
259715 69064 128327 475258
783439 707817 156818 848664
425725 558449 309149 568704
292679 326736 89331 854332
122181 40110 37332 162988
1928 2749 861 2776
313303 211887 424484 560759
80732 92820 267116 294927
49484 27011 217356 224050
278560 52855 294857 462305
396248 457534 349135 491062
369741 678320 417627 909535
9772 15682 73131 78131
424653 599675 483578 896208
193899 275153 283714 325751
25091 40379 37783 48527
179433 352767 620705 732263
235245 174125 346609 357970
541251 291069 662149 750092
172325 373229 404441 716363
461749 417054 213457 499722
80078 245185 21741 616149
134987 253563 151961 446648
16549 4774 17542 30863
228188 374290 8081 398239
46707 40936 24966 58096
82539 283067 404790 614833
458120 565883 287013 729963
68937 16476 148608 214319
201909 129841 11377 346107
784053 349332 606842 812398
37916 605195 93788 741246
88996 87843 11255 185533
478952 380494 187008 728168
515467 501469 750883 796595
260686 256307 276550 300825
124924 632899 296616 909614
63865 117619 127139 169869
30402 27330 358116 562145
22120 6154 8491 32512
296248 796888 870953 875505
230389 118002 60797 399849
24136 467002 49111 526089
197179 212957 400608 772419
111286 174317 48636 216946
260696 25359 10771 305611
132424 79631 177018 210843
170017 553705 779268 784900
0 0 0 0
